id
1177372321679597568
1177374360102932480
1177375308011528192
1177375874229948416
1177377145120686080
1177377736504926208
1177379732985434112
1177380882258309120
1177381196822732800
1177381196793372672
1177381523965829120
1177381582685921280
1177382253795717120
1177382828411170816
1177383604340625408
1177384048945180672
1177384489330167808
1177384900388970496
1177385122699665408
1177385537927204864
1177385848284667904
1177386871686664192
1177387777668858112
1177388243236675584
1177388662658650112
1177389367297486848
1177389962896953088
1177390831139004416
1177391082801381376
1177391103743549440
1177392710178758912
1177393117021921280
1177395386148884480
1177395625224105984
1177396417939161088
1177397667850309632
1177398921926197248
1177399488186638336
1177401308502007808
1177402428393549824
1177403216927035392
1177404080953548800
1177405091764158464
1177406018684358912
1177407994234933248
1177408325551628288
1177409021818613760
1177409051203948288
1177412322760880128
1177412431800406016
1177413237094211584
1177414482814857216
1177414994520170496
1177415632033157120
1177415682394214400
1177417582418321408
1177418102495227904
1177418689710186496
1177419469838118912
1177419549509128192
1177421353072201728
1177425169914171392
1177425375426576384
1177425576736579584
1177428974131122176
1177430542796644352
1177433218775044096
1177433579472576512
1177433969559658496
1177436553242529792
1177439644419383296
1177440030333161472
1177440814663786496
1177442177804144640
1177442773391200512
1177443469645602816
1177445168317730816
1177445285779263488
1177445973657702400
1177447189984841728
1177448037225910272
1177448695744217088
1177449547196297216
1177451791132188672
1177452047005712384
1177452567070068736
1177452650985426944
1177453733094887424
1177454248994324480
1177454269974241280
1177456060946190336
1177457226945982464
1177457528948477952
1177458422326820864
1177459097634922496
1177459261200142336
1177459873581154304
1177460850833014784
1177461278656172032
1177462117504471040
1177470178977673216
1177470560663552000
1177470745208709120
1177470871042060288
1177471009462480896
1177471152064622592
1177471483414663168
1177471584073764864
1177472326448730112
1177473018513092608
1177474612331855872
1177474780120801280
1177474872395452416
1177475862242844672
1177476130669879296
1177476944373268480
1177477317695692800
1177477556750045184
1177478068450906112
1177479112836800512
1177479322539450368
1177479427397042176
1177480920577654784
1177481038013952000
1177482547963420672
1177482619262357504
1177483038709518336
1177483449759715328
1177483646879449088
1177484892570939392
1177485022602780672
1177485085546700800
1177485085525721088
1177485173597696000
1177485601425149952
1177486184441729024
1177486775813472512
1177487652456558592
1177487824427204608
1177487849576255488
1177488042522628096
1177489149793726464
1177491687356039168
1177492182309068800
1177493541225811968
1177493578978693120
1177494598207164416
1177494833109143552
1177494870853709824
1177495550318374912
1177495852299911168
1177496846370951168
1177497412593573888
1177498201122672640
1177499258062163968
1177502286362243072
1177503007782494208
1177504115066195968
1177504513550274560
1177504576473141248
1177505369196617728
1177506031892492288
1177508338730332160
1177509362140475392
1177510939223945216
1177511551579783168
1177512130406305792
1177512411412090880
1177513074137255936
1177513132823994368
1177513380287926272
1177514181412569088
1177514319845576704
1177515007711465472
1177515125143527424
1177515288713027584
1177515464869629952
1177515473245626368
1177515850732953600
1177515888481669120
1177516500854329088
1177516563777196032
1177516702193479680
1177517260048609280
1177518757415014400
1177519428508012288
1177519847929872384
1177521911506640896
1177522016389218304
1177523668911476736
1177524117731454976
1177525392795549696
1177525527025860608
1177526420387573760
1177526516873170944
1177526667872366592
1177527104050802688
1177527708047134720
1177527754171924480
1177527800305201152
1177528098134343680
1177528387520188416
1177528693692018688
1177528869865349120
1177529255724380160
1177529327065489408
1177530077807968512
1177530425968922624
1177530555962757120
1177530685986344960
1177530685982162944
1177530874730110976
1177531591968677888
1177531612939993088
1177531969451642880
1177532292425760768
1177532321794265088
1177532426639351808
1177532527311032320
1177533043210424320
1177534121138151424
1177534188226002944
1177534431499714560
1177534494435414016
1177534569945423872
1177535291365744640
1177535589136183296
1177535719184719872
1177535874336059392
1177535886918995968
1177535912114192384
1177536079878115328
1177536222463348736
1177537036196167680
1177537141041033216
1177537321375281152
1177537854051934208
1177537925367631872
1177538059598016512
1177538118301491200
1177538533545914368
1177538680334036992
1177538697119588352
1177538902632140800
1177540047689723904
1177540525835972608
1177541050128203776
1177541465360216064
1177541834458812416
1177541863823179776
1177541905774784512
1177541956110450688
1177542966941863936
1177543042422706176
1177543122127085568
1177543340209790976
1177543772248399872
1177544078415859712
1177544166512955392
1177544434931634176
1177544657221378048
1177545164744577024
1177545189893783552
1177545739343421440
1177545970063527936
1177546028767174912
1177546053932998912
1177546909550108672
1177547098310336512
1177547660368207872
1177547903616729088
1177548180440985600
1177548608280944640
1177548830558081024
1177548897654382592
1177549182875258880
1177549581342691328
1177550348887760896
1177550567016751104
1177550948673216512
1177551254882357248
1177551292610170880
1177551292622942208
1177552219551522816
1177552508954271488
1177552940980211712
1177553402366029824
1177553825974169600
1177553838552862720
1177554190895374336
1177554295731949568
1177554350249533440
1177554794879361024
1177554966820659200
1177555256252751872
1177555528865607680
1177555692422598912
1177555705030742016
1177555910547451904
1177556099278393088
1177556501952651264
1177557407909765120
1177557466613084160
1177557508589785088
1177558582318878720
1177559127574405120
1177559517644623872
1177560599779262464
1177560729806888960
1177560952079867904
1177561027593957376
1177561212151746560
1177561535109091328
1177561631582294016
1177561891620696064
1177562013242933248
1177562105513308160
1177562151650766848
1177562956957138944
1177563024099565568
1177563082823995392
1177563091187450112
1177563351221723136
1177563389008187392
1177563615496495104
1177563858770092032
1177563955218305024
1177564190111875072
1177564408198967296
1177564454327918592
1177564634699718912
1177564760537124864
1177564940888096768
1177564949289275392
1177564957669507072
1177565045724782592
1177566182385377280
1177566308231188480
1177566559868469248
1177566589237059584
1177566794749530112
1177567671367418112
1177567923050831872
1177567985927708672
1177568338282766336
1177568657045708800
1177569005156085760
1177569105811034112
1177569244243906560
1177569374254727168
1177569667843600384
1177569797867016192
1177569898559442944
1177569957283913728
1177570347329236992
1177570418632384512
1177571307820634112
1177571442054926336
1177571802748506112
1177571949561532416
1177572050220855296
1177572234791182336
1177572369004662784
1177572402550759424
1177572922656993280
1177573031692120064
1177573551802654720
1177573665019486208
1177574155773984768
1177574352902066176
1177574357096423424
1177574382274797568
1177574524872773632
1177574822655733760
1177575619590148096
1177575732819574784
1177576114509815808
1177576127071707136
1177576303232372736
1177576999486775296
1177577477646032896
1177578563970768896
1177578635265548288
1177578694019289088
1177578727577935872
1177578773690093568
1177578865973067776
1177578912110350336
1177579138611154944
1177579151177474048
1177579545467269120
1177580048762773504
1177580203947765760
1177580703070003200
1177580761802772480
1177581097338773504
1177581248350511104
1177581298665316352
1177581332223934464
1177581516773347328
1177581978138210304
1177582028474277888
1177582179485999104
1177582691195215872
1177582720555409408
1177583039309742080
1177583731344887808
1177584201123561472
1177584469559005184
1177584486348988416
1177584658315390976
1177584771553251328
1177585102882099200
1177585551710531584
1177585912399708160
1177586004670197760
1177586252134191104
1177586377950674944
1177586713528586240
1177586998741102592
1177587040658935808
1177587560769556480
1177588189923434496
1177588332517306368
1177588387051708416
1177588605155446784
1177588647102750720
1177588965865676800
1177589150385676288
1177589444016267264
1177589607581585408
1177589653731532800
1177589670504325120
1177589716641865728
1177589775353679872
1177590219962490880
1177590530320015360
1177590559701131264
1177591134320812032
1177592392620359680
1177592535201530112
1177592908507164672
1177592912680382464
1177592958843006976
1177592983996096512
1177593139168759808
1177593390839369728
1177593642506211328
1177593717995245568
1177593885771665408
1177594376505171968
1177594556868681728
1177594670110654464
1177594762389417984
1177595186005721088
1177595529942982912
1177595626424623104
1177595957774606336
1177596310100287488
1177596360415154176
1177596825999675392
1177597199292583936
1177597367039606784
1177597484492828672
1177598063310987264
1177598331725459712
1177598541444734976
1177598692439875584
1177598906345152512
1177599208356044800
1177599288039346176
1177599292216885248
1177599329982472192
1177599447439695872
1177599594223538176
1177599736817172480
1177599782984007680
1177600055613804288
1177600084957126912
1177600462427688960
1177600479238471680
1177600621836406784
1177600688932753408
1177600718301089792
1177600751868289024
1177600940595134464
1177601250960871424
1177601389368938496
1177601494230687488
1177601502648655872
1177601733326987264
1177602626722004992
1177602920314855424
1177602983238017024
1177603109033369600
1177603130026057728
1177603142604730368
1177603268446433280
1177603432003207168
1177603473950429184
1177603809490505728
1177604186969694208
1177604614813675520
1177604614784454912
1177604816148803584
1177604845504749568
1177604925179727872
1177605118134542336
1177605172635168768
1177605340411629568
1177605352994607104
1177605369759244288
1177605952805244928
1177606200269185024
1177606439340138496
1177607278167392512
1177608045754404864
1177608368707506176
1177608767149469696
1177608976877289472
1177609148864835584
1177609178195681280
1177609643763339264
1177609941588291584
1177609945782448128
1177610096739672064
1177610604275785728
1177610927224410112
1177611250185826304
1177611380226023424
1177611510257897472
1177611564779597824
1177611896117182464
1177612277803114496
1177612542027239424
1177612764346347520
1177612789487144960
1177612844042506240
1177613213136900096
1177613292812034048
1177613351523966976
1177613389297852416
1177613536085852160
1177613569652854784
1177613812901433088
1177613972314439680
1177614043588300800
1177614119102533632
1177614232327770112
1177614328813350912
1177614425278185472
1177614936979267584
1177614983120605184
1177615167674298368
1177615192840167424
1177615339640758272
1177615394170949632
1177615624866017280
1177615801026789376
1177616027494035712
1177616077825679360
1177616119797964800
1177616153314766848
1177617298368192512
1177617512290123776
1177617545832087552
1177617562605182976
1177618435016142848
1177618690902089728
1177619122902855680
1177619349378650112
1177619546540331008
1177619781387603968
1177619802384457728
1177619882059472896
1177620007880216576
1177620028860051712
1177620041447170048
1177620188268826624
1177620687386595328
1177620880295419904
1177620989364047872
1177621417199714304
1177622021154361088
1177622029555490816
1177622113441607680
1177622415444082688
1177622763558752512
1177622948095463424
1177622990059556864
1177623325612265472
1177623443052859392
1177623677912932352
1177623698880090112
1177623770179108864
1177624088950362112
1177624130880819200
1177624244135456768
1177624378344800512
1177624684558348288
1177624831338192896
1177624848106999808
1177624856512385024
1177625506646298624
1177625691191304192
1177625728940171264
1177625875715637248
1177625955440975872
1177626001578192896
1177626014161264640
1177626093823647488
1177626194482614272
1177626316113399808
1177626345498693632
1177626521638494208
1177626873968386048
1177626970433060864
1177627121444904960
1177627498915532800
1177627511519203328
1177627574437990400
1177627796731912192
1177628165805494272
1177628186772942848
1177628333586178048
1177628455212638208
1177628606211792896
1177628803373436928
1177628845312073728
1177628979521556480
1177629017244979200
1177629063390740480
1177629260535783424
1177629772245078016
1177629885474279424
1177629923223064576
1177629935810351104
1177629973559074816
1177630166522183680
1177630187481116672
1177630569167036416
1177630636284301312
1177630900521095168
1177631458350944512
1177631550621532160
1177631676442107904
1177631772940685312
1177631999399518208
1177632112670838784
1177632259475591168
1177632293021728768
1177632355948929024
1177632834061774848
1177633358370656512
1177633639368142848
1177633735845515264
1177633861704044288
1177634083976962048
1177634121742467072
1177634264344662016
1177634352399818752
1177634373379727360
1177634499217313792
1177634813811023872
1177635052882141184
1177635157723025408
1177635447125811200
1177635493275668480
1177635640080384000
1177635736549351424
1177635837208649728
1177636206319939584
1177636441175859200
1177636592179171328
1177636718020878336
1177636776711786496
1177636776720109568
1177636952876564480
1177636978050899968
1177637204547510272
1177637313603616768
1177637321983873024
1177637384881487872
1177637569456029696
1177638005638668288
1177638353778331648
1177638441858650112
1177638534150262784
1177638576089174016
1177638613820964864
1177638622218117120
1177639620466495488
1177639863740440576
1177640190871052288
1177640190896168960
1177640354457120768
1177640534812364800
1177640715171573760
1177641273009872896
1177641352705777664
1177641503688187904
1177641650505441280
1177641746982830080
1177641780533055488
1177642132850520064
1177642376140996608
1177642673903034368
1177642862651031552
1177643114330238976
1177643365971706112
1177643772840235008
1177644364224487424
1177644393576177664
1177644401952219136
1177644905285341184
1177645173729300480
1177645484112072704
1177645492500484096
1177645609932742912
1177645886748463104
1177645974837051392
1177646020970319872
1177646088079265792
1177646490732376064
1177646616544571392
1177646637533061120
1177646788515229696
1177647128266465280
1177647467996823552
1177647803536990208
1177647845500960768
1177647929366110208
1177648411740237824
1177648608868478976
1177648973747757056
1177649208662380288
1177649284122107904
1177649728735064064
1177649774872449024
1177650638911672320
1177651028956631040
1177651049928298496
1177651368695390208
1177651486156673024
1177651641333534720
1177651867838554112
1177652677347549184
1177653147097018368
1177653348406874112
1177653553944506368
1177653595883204608
1177653671401795584
1177653679790399488
1177654120188018688
1177654166329540608
1177654229219061760
1177654287935135488
1177654329878237184
1177654376028147712
1177655126808506368
1177655139383074816
1177655395239657472
1177655873377841152
1177655927903621120
1177656619972341760
1177656670312435712
1177656804521717760
1177656997484744704
1177657236526632960
1177658373216583680
1177658830358011904
1177658981382344704
1177659203655094272
1177659333703798784
1177659346265636864
1177659375638515712
1177659451131797504
1177659547617501184
1177659564394778624
1177660008982601728
1177660088674185216
1177660461946490880
1177660524865167360
1177660726221119488
1177660747171717120
1177660931716858112
1177661170787840000
1177661481162362880
1177661950949507072
1177662198413434880
1177662286472843264
1177662961764257792
1177664383624695808
1177664740165931008
1177664798886158336
1177665042159767552
1177665050527485952
1177665448999030784
1177666094892556288
1177666115897610240
1177666195560030208
1177666275251818496
1177666333997182976
1177666422060785664
1177666560493797376
1177667139282571264
1177667533538824192
1177667944580407296
1177667990738866176
1177668162701201408
1177668322105712640
1177668338882957312
1177668447913861120
1177668460517740288
1177668540188504064
1177668686972407808
1177668846393679872
1177669232252710912
1177669316134756352
1177669421009031168
1177669437765365760
1177670310188986368
1177670901585842176
1177670922557366272
1177671300036218880
1177671300057165824
1177671551711203328
1177671853680336896
1177672491227123712
1177672558323191808
1177672868697661440
1177673137162346496
1177673393019215872
1177673506240319488
1177673615296356352
1177673665611096064
1177674194093510912
1177674252851585024
1177674592590221312
1177674709997162496
1177674877765115904
1177675456583102464
1177675464971816960
1177675880220499968
1177676190599000064
1177676253501022208
1177676299659288576
1177676475832688640
1177676744230178816
1177677104953139200
1177677134334218240
1177677671184003072
1177677943809511424
1177678237410959360
1177678627510599680
1177679181133467648
1177679256631034112
1177679613167837184
1177679667677007872
1177679738988417024
1177679856416378880
1177679894190395392
1177679952885551104
1177680158427435008
1177680535889616896
1177680598795784192
1177680674314170368
1177680720430546944
1177680875640672512
1177680955336794112
1177681626421088512
1177681773238607872
1177681857107972096
1177682096170635264
1177682167469613056
1177682201044930560
1177682263972012032
1177682532386500608
1177682553362366464
1177682557556543488
1177682620483801088
1177682880501293056
1177683002157158400
1177683119585013760
1177683257988534272
1177683543205515264
1177683606141067264
1177683866166988800
1177684122036244480
1177684331759722496
1177684419810856960
1177684893800771584
1177684977678344192
1177685191583625216
1177685711652306944
1177685912983150592
1177686152062615552
1177686261114572800
1177686772811210752
1177687431346307072
1177687792043921408
1177688303765803008
1177688400230539264
1177688832218677248
1177689041946300416
1177689285220282368
1177689369089642496
1177689369114808320
1177689767548465152
1177689834686689280
1177690174412640512
1177690203789635584
1177690233116213248
1177690270894366720
1177690329610428416
1177690501547466752
1177690660951867392
1177690736428498944
1177691030067400704
1177691600480358400
1177691856320237568
1177691864696115200
1177691969553944576
1177692053473501184
1177692170901311488
1177692359657758720
1177692695176679424
1177692795848531968
1177692976211877888
1177693076849975296
1177693240465793024
1177693643081207808
1177693957674950912
1177693966072008704
1177694007993999360
1177694083491487488
1177694247086112768
1177694410638839808
1177694494529114112
1177694582643007488
1177694817511526400
1177695350200639488
1177695522166980608
1177695698306945024
1177695815730683904
1177695941559832576
1177696340031226112
1177696470062911488
1177696604284968960
1177696767837720576
1177697195673284608
1177697392797335552
1177697585739362304
1177697959024234496
1177697996768604160
1177697996768718848
1177698479113723904
1177698642725130240
1177699003401723904
1177699024394166272
1177699032770191360
1177699112470401024
1177699187955240960
1177699460618448896
1177699485767520512
1177699586409926912
1177699691275923712
1177699825489518592
1177699989100941312
1177700144260632576
1177700211394781184
1177700265899810816
1177700299471036416
1177700450457575424
1177700530145153024
1177700651788378112
1177700697904689152
1177700978927263488
1177701071201935360
1177701171873452032
1177701507430584320
1177701910054350848
1177702094641467392
1177702182717710336
1177702182688317440
1177702593751064576
1177702644086968320
1177702698591965184
1177702765696389120
1177702967044165632
1177703734576586752
1177703839467802624
1177703944300060672
1177704380520222720
1177704544085643264
1177704569280827392
1177704611211296768
1177704682527047680
